108
104
113
99
106
104
93
106
106
104
102
103
104
100
107
104
117
118
103
89
76
118
88
99
116
118
107
111
115
118
115
118
118
118
110
90
78
118
88
99
116
118
109
112
116
118
116
118
114
114
112
86
73
114
83
94
113
114
100
98
104
114
115
114
117
116
113
111
86
116
100
114
116
116
115
115
113
116
116
116
88
92
102
82
91
92
98
96
95
92
103
106
109
92
88
92
110
109
100
85
84
109
84
100
108
109
108
112
115
109
110
109
112
111
97
96
77
111
87
93
109
111
108
117
115
111
111
111
94
95
92
78
70
95
78
85
96
95
103
110
107
95
103
95
115
115
113
110
92
115
92
101
113
115
116
119
118
115
119
115
76
66
106
58
60
66
109
98
85
66
94
110
106
66
93
66
90
85
93
69
58
85
73
81
85
85
61
75
79
85
87
85
101
101
96
75
69
101
81
84
99
101
83
89
81
101
85
101
103
103
108
86
72
103
79
84
101
103
71
83
79
103
81
103
120
120
122
112
107
120
99
107
119
120
117
98
102
120
115
120
85
78
100
63
67
78
102
93
85
78
94
100
60
78
61
78
50
52
47
52
50
52
42
51
49
52
58
54
52
52
59
52
42
40
60
62
39
40
33
40
39
40
51
46
44
40
40
40
53
51
78
74
68
51
39
44
50
51
42
44
46
51
44
51
111
111
115
113
101
111
83
103
111
111
114
85
77
111
103
111
116
115
100
109
91
115
107
118
117
115
105
103
116
115
106
115
30
26
22
26
24
26
34
60
46
26
65
63
55
26
70
26
112
113
79
88
78
113
87
93
111
113
74
95
104
113
111
113
114
113
88
89
78
113
84
95
112
113
87
90
95
113
112
113
110
110
119
107
92
110
87
103
109
110
111
93
102
110
109
110
57
46
98
48
76
46
95
90
71
46
98
86
82
46
49
46
26
26
35
33
33
26
59
26
26
26
45
58
31
26
26
26
35
36
37
28
41
36
45
51
39
36
45
38
33
36
37
36
52
52
44
49
49
52
48
59
53
52
53
50
50
52
60
52
118
118
118
108
103
118
91
109
118
118
112
103
97
118
115
118
100
104
84
82
97
104
74
82
97
104
86
85
90
104
89
104
31
29
32
41
43
29
35
26
29
29
43
46
36
29
43
29
58
59
45
46
45
59
46
49
57
59
40
45
41
59
51
59
34
30
42
42
41
30
39
24
30
30
27
38
26
30
28
30
88
87
102
99
87
87
83
80
88
87
93
66
76
87
94
87
116
116
88
89
91
116
90
94
110
116
104
108
108
116
103
116
97
95
92
74
61
95
77
95
92
95
80
97
88
95
99
95
111
110
114
88
70
110
86
100
109
110
89
101
107
110
101
110
119
119
115
102
87
119
93
97
117
119
92
101
106
119
111
119
122
122
118
113
105
122
110
110
122
122
114
110
121
122
122
122